multi-threading = [

[0.006468534469604492, 0.01987171173095703, 0.13175415992736816, 0.5828909873962402, 2.779968738555908, 11.519704580307007]

[0.0023202896118164062, 0.007374763488769531, 0.09359192848205566, 0.27391767501831055, 1.6424980163574219, 7.263713598251343]

[0.0034837722778320312, 0.005483388900756836, 0.08713579177856445, 0.31356215476989746, 1.8293001651763916, 7.114643573760986]

]


cython = [

[0.0016951560974121094, 0.004537343978881836, 0.2611258029937744, 0.4082670211791992, 1.7491493225097656, 11.307324171066284]

[0.00170135498046875, 0.00624394416809082, 0.19906163215637207, 0.3486635684967041, 1.7105705738067627, 7.474794864654541]

[0.0023822784423828125, 0.004849910736083984, 0.21645307540893555, 0.38292646408081055, 1.7614269256591797, 7.235872745513916]

]

base = [
	
[0.004563570022583008, 0.015307426452636719, 0.43924617767333984, 0.7546215057373047, 3.193396806716919, 12.792932748794556],

[0.005181789398193359, 0.020198345184326172, 0.5950977802276611, 1.0447099208831787, 3.7944412231445312, 13.685214042663574]

[0.003801107406616211, 0.019818782806396484, 0.38658595085144043, 0.8836157321929932, 4.017464876174927, 12.505959510803223]

]
